431.7386454113737 -7.507124714561257 52.149999999999864
435.86210773737736 -9.36485363652315 58.25
437.3792410179311 -10.628347597396669 62.05000000000018
431.00655092782716 -8.885709176836599 71.90000000000009
436.043962931276 -7.383533122610061 56.5
435.82308381735766 -8.587281926880522 52.950000000000045
449.7908933458933 4.864302900543009 -3.2999999999999545
428.15317067683407 -9.005284382185323 59.09999999999991
436.3373736459407 -4.693269726796572 49.09999999999991
436.267529452845 -10.809653329447372 53.34999999999991
