75.18123841735408 -2.3380578784114334 82.94999999999982
68.72836469746119 0.03592916728317164 87.55000000000018
70.3978918930986 -6.431378158981687 226.3499999999999
76.50343369689654 1.8385097918935358 85.55000000000018
85.84858126999876 4.144586817904411 -161.14999999999986
102.5704592468033 3.4630170842176433 -132.25
95.73759917232647 8.68947717965905 -84.84999999999991
80.17846178766021 1.1440264263408295 53.950000000000045
71.29978355991543 -5.798162337632789 148.60000000000014
82.76093123175846 9.700863037367 -111.40000000000009
