110.52997265246387 -0.002115971848525078 4.300000000000182
107.95307380853893 -2.6126160031738266 10.200000000000045
104.91178823464429 -0.7350254138634398 19.450000000000045
107.83976419618392 -2.460993695079196 19.199999999999818
107.16818161243594 -2.3632440872435723 16.75
109.03041212007975 -2.6450788878120193 10.950000000000045
108.05582480077956 -0.7894657107448211 9.699999999999818
107.2840032686417 -1.8599199235256947 2.75
106.1152875231339 -3.741212830111749 17.75
107.98258216741303 -3.7655901159368455 16.200000000000045
109.01013003682563 -1.5460299935230353 12.049999999999955
108.04253320952898 -1.318328022274045 -0.20000000000004547
105.09858946463373 -4.468365395501195 29.699999999999818
108.7857346139927 0.4315314158729251 14.399999999999864
110.23341839986841 -0.28698085021719066 7.2999999999999545
109.3743589245789 -1.6565139772169317 7.649999999999864
110.65966468244844 -1.3306667375451298 24.200000000000045
113.5155341779267 -3.0787233050265286 16.15000000000009
110.10096137442328 -3.063484619577693 7.899999999999864
109.14983359569278 -4.41319557490327 17.0
178.40288531612234 7.78104501923119 42.5
180.97458153803296 3.569109644772432 24.90000000000009
183.08705026092161 3.861836227905428 23.850000000000136
180.09680831820663 1.4264531133140679 27.799999999999955
136.47435133688373 10.083338286093188 -272.0
-149.17338876012855 55.85762017383428 -296.79999999999995
179.50480504500615 3.176338676982013 24.700000000000045
188.57493719504737 9.708487199264635 31.850000000000136
180.8189569290095 -2.0210101962731812 32.350000000000136
176.26545443036608 -6.70699452247743 76.15000000000009
174.176337759254 17.386895523702464 -56.19999999999982
175.16073655843186 7.073199693622964 14.299999999999955
192.36478956808494 22.61893862631908 -76.89999999999998
179.83600752571718 -0.8844313619188711 50.94999999999982
183.50470195861612 -209.35641757536598 32.350000000000136
-179.63053541356578 192.89405825155765 57.25
-186.37442368133887 -100.83417535134834 -10.650000000000091
-584.6867445894438 107.44437514028033 43.40000000000009
7.11561142378892 -103.56055780567137 -20.34999999999991
-179.39090073628785 -103.4296183290634 -23.799999999999955
38.541162042389686 -0.2789281252041178 30.65000000000009
36.25074198486823 0.9735061419048776 52.09999999999991
36.83636929814742 0.9871185955471589 36.0
34.7138777297026 -1.529419514250776 71.5
37.55764631232122 0.9661404715542119 28.949999999999818
37.519876372580775 0.27801238461161404 42.80000000000018
39.55376479236891 0.8523662379070487 55.0
35.85369649272832 1.6504457920547893 47.19999999999982
37.42506635726957 2.4703265332744735 36.0
39.420333877846986 0.8626922624606967 17.84999999999991
37.29284973676627 2.659554658634878 47.90000000000009
37.3225868212356 2.7640700064907584 40.54999999999973
28.025758186101314 0.2994569471179105 102.75
39.894038227485225 0.03897905899585208 17.40000000000009
38.10360133481767 1.0566608282706014 22.049999999999727
45.84390916570152 -1.4383557386536765 275.6999999999998
39.72979401073242 -0.42107455112483194 83.25
37.46303639608348 2.861146553221573 -5.149999999999636
37.45757996534968 1.0988093777876458 28.25
37.420173592058006 1.3702964265849076 42.850000000000136
