217.59880163222584 1.1042599015092378 27.950000000000045
211.59880913633003 -4.120615112550382 42.600000000000136
216.79746069168715 -6.293602213265416 37.0
214.46442820120043 -5.317388707234045 35.44999999999982
219.17235534523707 -4.9648495105639086 28.5
221.28486301322704 -6.24660552662732 25.100000000000136
215.9355756712185 -3.8531222031558343 30.450000000000045
219.93113761252505 -5.761134220734647 35.55000000000018
218.2483561418337 -1.57682539538078 7.2000000000000455
217.7990213754486 -4.442157174328912 28.84999999999991
