183.82809219412627 -2.9980480437931476 29.09999999999991
368.6529286985712 47.188641217570805 -1416.5
181.24352637017174 5.391370181361104 23.09999999999991
180.96057903011265 5.189474579747383 8.5
191.6865714738546 3.2080461220993435 11.950000000000045
76.85142318992709 -12.42681893955595 766.8000000000002
140.3774078998189 -59.69318182392749 376.20000000000005
243.14139652538137 107.60676171748285 -478.15
179.02196498278062 11.530103153117722 -37.350000000000136
182.04189269442628 4.2989835822100915 13.5
