413.11749664694423 23.675406110220987 -195.29999999999995
370.2416388821736 10.334464745933559 41.200000000000045
318.11550768896524 1.283674788204607 444.75
-461.8962631106166 -24.93396181040632 362.95000000000005
366.25345681800144 4.724155174654953 60.55000000000018
394.96614158551165 14.558381518745545 -45.700000000000045
359.8093581532147 7.849529605024401 53.799999999999955
-358.91935199212537 -8.869453242200713 -59.5
368.6689390171765 10.173535285621654 55.44999999999982
265.17024279025907 20.34652852270272 -550.5500000000001
