36.56008474354624 0.32854601403496986 47.399999999999864
35.98315823969611 -1.1888388855495293 50.19999999999982
37.98341580242811 -1.496361359013406 38.90000000000009
51.85801263434382 4.240602287545336 -108.90000000000009
39.21088120998474 -0.27974000435379764 47.94999999999982
39.104877204052926 -3.39018142131755 51.00000000000023
75.17629687268658 0.2673908836905241 56.54999999999973
41.07058552423038 2.692784600520504 58.94999999999982
37.57729115965372 0.1394280990728518 83.84999999999991
37.94765827945352 -0.1883147232519562 18.350000000000136
