147.00316519982405 -5.1624909207668 27.534679611863794
145.6328894908591 -1.5893820914189973 16.817647911239874
145.22443153433292 -2.046290001470993 19.795710764499745
148.05437996895466 -0.6867435066820917 25.060796319395422
144.26215786351185 -0.1450688670032605 27.008646119816603
147.099115028447 -2.0640322663036272 33.92739275451913
140.1886144351147 -3.2202502444699235 45.480535546010515
149.0410360035245 -4.315211893938283 17.776483571014296
150.91020380718615 -3.3948009639281054 7.421010296903887
153.67226966219994 -0.9776645488029772 3.250913755329748
159.12479241508214 -1.4657233328561006 -20.682272635100162
158.7816367741576 -0.5912540590867366 -10.589106961554535
157.2419051336305 -3.5327136201045732 -4.137697829213039
153.4153604813006 4.246971955666709 -10.187286941723869
146.37930837920496 -2.842337935705018 13.924721336218681
142.8325303281735 -2.9672614537577147 24.650562059174717
149.5155135495202 -2.420910285063769 10.91814354385565
157.7879107517951 -0.7019763603732372 -19.98995097474426
145.35996201298224 -1.4949859183859644 8.413851398404859
143.85035007729815 -3.457861960985184 31.110489885301604
150.73305170217705 -0.5832459947935718 4.882034552500045
151.06756763283312 -2.845688741160444 7.802788513808991
142.95901505277453 -0.4644282241394677 32.195088539187736
149.70468741255527 -2.97532124915071 3.421776052198993
156.58782516952772 1.1961210890984688 -22.908631266216844
156.44397840257096 -1.780694219835425 -14.967082441782395
157.9719005266267 -0.7676857400684867 -15.78932288197916
158.40830711539382 -1.1536818142846528 -9.604747758227404
158.99079165409353 -1.969426543905172 -22.896845792259228
157.93123933889592 -4.232405378813496 -5.066976445238424
159.528246376587 0.7119459270470543 -36.93876473193018
151.75813811603382 1.1870136004411336 -7.922510897025859
160.3858443428927 0.40538329257643113 -24.1643351059447
153.76353685940998 -0.6231306196708886 -12.616215110816029
149.5673895603453 -0.9693956791415985 10.533262523450503
149.8312918282239 -3.1052517674038427 16.276483571014296
150.47045111787486 -2.4649006967281935 5.210400179182443
155.58104390203673 -0.5486269510071224 -12.641045950061425
160.4537186360107 0.10105129125122403 -25.63046133816374
161.17764320684876 -3.4153929778585734 -6.340670109624853
143.65438453307115 -2.976178925493059 29.88048727598266
144.46031445037892 -1.8032997477038464 25.912654256238966
144.15602713896436 -5.172137013135114 44.23848900038274
145.77802707385865 -1.4190023841482002 12.63067450226481
146.70190517539103 -2.633620235945216 21.088374976842033
148.1281031745947 1.0140020872017317 7.121086169781847
158.25169726239085 -7.391780251778755 24.751442482150424
161.23508680914605 -3.890498178781286 -0.75364718268861
154.33857670417848 -1.4746945578172017 2.1674625944624495
144.65662699192825 -3.532939027959344 31.377851106278058
140.3962708861858 -1.4574895318093013 45.41942265846319
