217.49948802535744 -2.123175318804897 23.84999999999991
217.33170579954614 -3.2735827212250683 24.200000000000045
216.23847507458288 -2.2267158721635383 27.949999999999818
215.53790991075607 -0.9195636778289327 27.15000000000009
218.57089968200683 -3.802216372679567 21.600000000000136
211.545063005528 -1.9349580994217206 32.5
214.6514730270681 -2.6817335195019325 36.69999999999982
217.14641594741113 -0.9697947924499424 18.449999999999818
219.83307151874817 -6.183103825199112 27.699999999999818
218.4674429750435 -5.000579346499535 39.19999999999982
220.7829457605765 -10.280719122460994 34.950000000000045
222.80694846963235 -6.19751245222659 26.25
216.2962353168165 -4.254087290933171 28.799999999999955
215.15175026105175 -3.608537465755262 28.649999999999864
219.47483388365094 -1.607329075660573 12.600000000000136
214.22647030044948 -4.3716253118113 35.450000000000045
213.0558340016953 -3.5830482020286354 35.34999999999991
216.80982733472516 -2.1745222092094565 25.09999999999991
217.67516890561777 -1.7622175105502933 27.700000000000045
219.52531074928777 -4.292265677691304 23.65000000000009
354.5320277071154 10.068197555547563 74.90000000000009
371.15141726155684 13.096233046335243 12.650000000000091
365.5110750750205 10.381816462716387 51.200000000000045
359.67366938105675 8.214745129138805 71.0
364.211361444383 4.365007212298565 55.84999999999991
363.8830822700189 13.827183861430836 -1.7000000000000455
-373.66982082630204 -13.637612464421153 -21.34999999999991
350.492940240208 9.905540461129295 82.65000000000009
377.5832576450218 11.684109482514941 29.600000000000136
372.63556316087374 11.3577001132171 36.100000000000136
370.16106930491316 11.571404616946637 26.40000000000009
367.0440461169267 13.336080540746707 34.40000000000009
365.70130511105594 10.54138592791989 42.40000000000009
364.6659694441456 11.837865467712671 32.65000000000009
373.72735898174824 12.707683682924639 19.299999999999955
365.96153760561543 -2.1133513558634434 33.799999999999955
364.51292468249653 -0.19003134005316724 42.59999999999991
367.88988758618734 -3.438335462215676 45.0
366.08768094989944 -1.6753829207328295 32.5
363.02751730698293 -3.253985888633366 45.850000000000136
77.56884254770551 1.4707946236653981 54.25
75.6484145552414 0.5675673714386562 68.09999999999991
77.93159225815958 1.9019813688205716 39.44999999999982
71.46044703139705 0.2385367310001527 93.84999999999991
84.57582900066834 1.5754101586138027 10.200000000000045
97.76252478333836 17.814913752226033 -122.25000000000023
74.83182715751215 1.717307343501858 66.5
95.73334086023107 9.420418893627442 -84.79999999999973
99.05544371606501 3.273656147901029 -117.64999999999986
75.83228077450308 -0.061389633756419926 56.55000000000018
76.48329631948634 -0.8063356669450457 70.79999999999973
75.70222961382318 1.4618774811775666 58.59999999999991
74.78765825622902 -1.3992552106366176 150.0
79.08450598165734 0.2059130195623169 12.699999999999818
70.2006287523806 13.158384480059254 -105.59999999999991
72.63717914419114 3.083148765461985 2.699999999999818
72.00006809923755 4.086464974312072 -3.150000000000091
75.3236685108053 -0.11098125629752964 17.84999999999991
81.44955854645102 -5.48785514046142 143.8499999999999
59.68201572804762 -2.2457798665094515 -184.94999999999982
